100
2 1 2
3 2 2
1 10 1
1 10 2
10 10 7
3 2 10
6 9 8
6 10 9
10 9 6
9 9 9
10 10 5
8 10 4
6 9 8
8 9 4
6 10 2
4 9 6
6 10 8
9 10 9
8 10 4
10 9 1
9 10 3
5 10 1
6 10 6
10 10 1
3 10 9
9 10 9
4 10 2
6 10 4
8 10 4
5 10 10
6 9 8
6 10 10
8 10 8
9 10 9
2 10 2
4 10 8
2 10 8
1 10 1
10 10 10
6 10 9
10 10 10
1 10 1
10 10 4
9 10 1
10 10 8
5 10 1
6 10 6
3 10 1
10 10 8
2 10 2
2 10 2
4 10 6
2 10 10
9 10 9
2 10 4
3 10 6
9 10 3
4 10 8
4 10 4
6 10 2
9 10 3
2 10 8
8 10 4
5 10 5
4 10 4
5 10 1
2 10 1
2 10 10
3 10 1
2 10 4
8 10 1
3 10 9
6 10 8
3 10 1
1 10 1
9 10 3
8 8 4
9 5 3
10 2 2
9 7 3
9 3 3
10 10 5
8 2 4
10 10 2
10 1 2
5 5 4
6 3 6
1 8 4
8 3 5
10 9 9
8 2 9
8 10 6
7 3 3
1 10 10
4 1 8
6 10 8
6 1 6
4 9 9
4 2 1
3 10 9
